10001150
100021
10004345
1001
100188
10022392
100332
10034073
10041070
10063
10072
10075
100780
10083
10090
10095852
10096344
10098
10100
10101
10104370
101105
10112
10114
101211
101225
10123
101256
101257
101301
10133
10142962
10144
10146
101532
101584
10158453
101587
101612
101616
101679
10168
101690
101712
101746
101750
10188
101905
101925
10198516
10199068
10200848
10205
10206
10207
10208
10211
10212
10219
10219816
10221026
102232
10224595
10228
10230
10231
10233
10235
10246
10248
10255
10257
102667
10281
10290
10297
1030
10302
10311
1032
10321
10324367
10329459
10335495
10340
10349032
10357917
10364
10369140
10393
10394654
10402
10425993
10427798
10429112
10439877
10442272
1045
10453
1046
10464762
10465
10467
10469
10470
104741
104762
104822
104838
104850
104865
1049
104903
104912
10493
10494
104957
10496
105039
10506
105075
1051
10511
10512
10517
1053
10531
10534
1054
10545
10547
1057
10571
10582
10583
106
10607
10621
10624
10631
10633
10634
10635
10639
10648
10649
10658
10666
10667
10680
10695961
10720
10731
10732
10748
10758
10760
10762
10770
107706
107751
107765
107807
10782
10783
107882
107952
107970
107971
107979
107985
108000
108058
108143
108173
108189
10836
10839
10866
10873368
10892366
10911986
10917
10921
10959536
10960
10991489
11005
11024
11029
11049569
110632
110634
110635
11065
1107
11074431
11078
11079
11088
11092
11095734
11096
1110
11102
11104
11125
11128
111318
111332
11142
111446
11146
1117
1118
11192
11197
11224
11226
11228693
11229634
1123
11230
11237860
11238823
11243969
11289
11291
1130
11310
11310242
11315692
11320964
11333
11338
11339
1135
11350701
11358077
11368
11430828
11431811
11455695
11462536
114652
11465786
114683
11472742
114776
114829
114840
114850
114869
114905
114917
11499
115060
115067
115087
115121
115127
115237
115250
11525740
115300
115355
115366
11545
11548
11552
11573270
11597697
11597698
11609510
11617
11626560
11636
11683
11711114
11717374
1174
117440
117443
1175
11751549
1176
11777341
117809
117965
11809
11827970
1183
11850
119
119033
119034
119041
119055
119171
119182
119199
119204
119205
119212
119238
119242
119258
119287
119301
119444
11948668
11949689
119533
11953884
11953922
11953933
11954024
11954225
11954226
11954233
11954239
11954250
11954256
11954257
11954258
11954259
11954320
11954324
11954344
11954380
11954382
119570
11958184
119584
11959961
119607
11966311
11969475
11972082
11979494
11979870
11980055
11980076
11980947
119828
11984562
11988260
12004532
120108
1201521
120160
12035
120507
1206
120618
120676
120702
120756
120845
12085238
120879
12132
121587
121825
121892
121896
121950
122188
122724
122736
122835
122841
122850
122856
122865
122880
12304433
12305449
12314211
12315507
1234
123596
123600
123607
123608
123619
123622
123631
123698
123720
123827
123857
123879
124018
124021
124039
12404
124052
12406
124061
124072
12408
124087
12409
124092
124093
12410
12413
124210
124246
124319
12460
124886
125017
12519360
125309
12535
125468
12555
125564
12560
12594
12597
12604
126149
12620
12629
12675
1268096
126941
127151
127197
127527
12777
12788355
127998
12813
128292
128919
12899067
12921
129228
129319
12932
12947
129556
129791
129991
13027
130313
130689
130881
130904
130956
130990
13109
131149
131204
13126
131535
131900
13204
132916
132999
133017
13314
13320
133264
13327
13331
13344
133775
134018
134044
134514
134669
134717
1349907
13505
13520
135300
135889
137
13730
13734
13765
13769
13791
13804
13805
13808
13816
138644
13916
14014430
14052
14079
14130
14148199
14184
14190
142752
14296
14350
14381
14421
14434
14457
14492
145068
14524444
14525
14530
145742
14584
14634
146570
146571
14677
14707
14708
147279
14754
14759
14806
148121
148124
148192
14866
14868
14871
149096
14912
14930
149436
14969
14982
14985
15008962
15020
150311
150610
150888
151011
151014
151075
151166
151171
151182
151289
15129
15130
15150
15165
15209
15232
15250
152946
152951
15341110
15387
153941
153994
154000
154100
154101
154173
15424
154272
154274
15432
154413
15443
15459
1547484
1548887
1548912
1548943
1548955
1548972
1549000
1549008
1549018
1549095
1549120
1549517
1549789
1550607
1550890
155143
155256
155331
155380
155381
15541
155434
15601090
15605556
156371
156375
156391
156418
156419
156709
157385
1576
15763
157798
15789
15814656
158277
158441
15851
158637
158798
15899898
159201
159247
159269
159271
159278
159324
159331
159654
159659
159795
159813
159870
159891
159966
160036
160051
16007393
160142
160143
16019977
160238
160254
160352
160419
160472
160473
160476
160481
160488
160490
160492
160511
160512
16051924
16051927
16051953
16051969
16051987
16051989
16051995
16052002
16052009
16052026
160533
160544
160597
160644
160648
160710
160712
160771
16078
160809
160877
16106
161115
16124
161243
161276
161294
16129778
16130140
16130957
16131173
16131215
16131418
16132398
16134267
161362
161388
1614
161409
161413
16142
16143735
161464
161487
16149716
1615
16158172
16180
161823
16186010
16204526
16204922
16211228
16211962
16212302
16213095
162135
16217806
16230
16231
162350
162355
162696
163001
163091
163338
163446
16351
16362
16363
163701
163727
16403089
164050
164072
164209
16441
164521
164611
164642
164689
16473
164739
16490
164947
165003
165158
16533
165536
165580
16630
166548
166551
16666
16667704
16676
16682935
16683092
16684434
16724
167309
16754
167551
16757572
16759173
16760629
16760703
167666
167691
16779
168088
168399
16846
16850
168558
168884
168900
168918
168924
168993
169072
169489
169867
169870
169893
17036
170569
170628
171064
171194
17134
171446
171455
171548
171575
171674
17197
1727
17276
173273
17345
173769
174697
17473
17478
174873
17506
17513
17536
175805
176
17679
176870
176871
176873
177014
1775
17751015
177905
177923
1781413
1787910
17925
1794427
180
18087
18104
181121
181458
182237
182265
182644
18283
183094
1832
18340
18343
18377
18381
18397
18493
18526330
185457
185556
185590
185617
18599
18601084
18620
186907
187745
188297
188310
188516
189045
189061
18949
18950
189821
19003
19004
19009
19039
190860
190914
19094
190949
191060
191450
19150
192197
192694
193187
193317
1935
19371515
193962
194464
19529
19536
196
196638
19675
196862
196978
197017
197018
197060
197066
197074
197083
197091
19725
197582
197726
197775
197810
197869
197977
198008
1981
1983
1985
1986
19861
198695
198706
19880
19881
1989
1990
199144
19917
199469
199472
199843
19988
1999
20006
200103
20054849
20054872
20054967
20055073
20055232
20055294
20055342
20055424
20056601
20057048
2006
20149
20179
2018
2019
2022
202225
202231
20234555
20279
20298
20341
20353
203585
20395
204
2040
204163
20469
20482852
20749
20758205
207841
2083
20842
2088
208822
208836
208845
208901
208902
208908
208910
208947
20906
20933
209348
2097
210301
21070
2108
210990
21102
21109
21164
2117
2118
2119
21192315
2123
2130
213039
2132
2136
2140
2141
214356
2145
21467
21470
215159
2153
2157
2159
21593740
2160
2161
2162
216235
216237
216239
216258
216262
216265
216322
216326
2164
216457
2165
21671
2169
2170
21700
2176
21763826
21777
2179
21826
21853
21862290
2187
219024
219025
219078
2194
21945
21950
21955
2196
2197
219836
220189
2202
2206
221037
221071
2214
22162
2218
22182
222160
222284
22230
2225
222528
222757
222786
2230
223253
2236
22382900
2239
22391
224004
2242
224246
2244
22446905
2247
22475
2249
22502
22530
22549
225609
22571
22576
226345
2265
22659
2266
2267
227260
227304
227829
2282572
2284
229295
2294
229455
22955
22995473
23003
23087
230881
2309
230921
2310
231000
231084
2313
23135
2315
2316
23229167
2327
2329
2333
23360
2337
2341
23418
2343
2345
234566
234570
23462
2348
23480
2355
23565
235905
2360
23615452
23618813
2365
23657872
2366
23663126
23663400
23663403
23663537
23663870
23663938
23663939
23663956
23663959
23663969
23663973
23663974
23663996
23664
23665404
23665410
23665591
23665888
23666456
23666711
23667301
23667619
23667626
23667642
23668193
23668827
23668834
23669636
23670318
23671932
23672301
23672302
23672316
23672344
23672378
23672589
23672955
23673633
23674512
23674731
23675312
23675744
23676744
23677058
23677832
23678413
23678596
23678982
23679441
23680530
23681045
23682006
23684123
23684814
23684923
23687712
23688359
23688461
23689036
2369
23690424
23690433
23690443
23690448
23691035
23693558
23694214
23694685
23695982
23702
23706212
23709358
23719
2372
23724509
23724801
23724810
23724818
23724821
23724874
23724905
23724914
23724979
23725021
23725046
2375
2378
2381
239
2391
23915
24011
24014
2405
2406
24066
240767
24083
24087
24144
24181585
241903
24244
24261
24266
243
2435
24360
24393
2441
24414
2442
24424
24434
24436
2444
24463
24470
24473
2448
2449
2450
245005
24507
2451
24580
2461
246330
246331
2465
2466
2467
2468
24681
247
24705
2471
24728612
2473
2474
2475
24762
24766
2477
24777
2478
247839
2479
248
2481
2482
248271
24832062
24832095
24835641
2484
24846132
24847745
24848068
24848071
2486
24869
24883446
24892728
25021874
25074470
25077993
25084151
25096
25137901
25145
2515
251636
2519
2520
25202696
25202909
25215
25229
25240035
25244225
25249
2528
253295
2536
2537
25382
2543
25438
25473
25474
25513
2554
25561
25590
2562
2564
25659
2569
25701
25735
2576
2577
2578
2580
2581
2582
2583
2585
259325
259331
26035
26042
26049
26066
26098
261265
26133
261501
261619
261728
26175
26248
262500
263
26305
26365
26436
26447
265237
26618
2662
2663
26721
26757
26758
267769
2678
2682
26879
26924
26934
26987
269870
2703
2707
2708
2710
2712
2717
2719
2720
27200
2722
2723
2723601
2723617
2723754
2724
2724335
2724368
2724385
2724705
2725
2726
2727
2732
2733
2733526
27350
27413
274439
27447
27453
2747
2749
275004
27503
275182
275196
27522
2754
2756
2758
2759444
2761171
276145
2762
2763
276389
2764
27648
27661
2769
2771
277443
2780
27812
2783
2784
27866
27869
2787
2788
27886
2789
27891
279057
27924
2793
2794
27944
2796
27990
2801
2802
280225
2803
2805
28061
2809
2811
2812
2816
2817
282017
28281
28332
283632
28417
2861016
28620
286248
286500
28695
2871
2879
2880
288122
28864
28871
289
289151
2893
28930
2895
2898
289964
29029
2904
2905
2907
2910
2911
29112
291264
2913
29145
29182
29303
29327
294491
2950
2955
29563
2969
2972
2973
29769
29933710
29963
2997
2999413
3000226
3000320
3000502
3000540
3000715
3001055
3002820
3003141
3005572
3005837
3009
301
3010818
3011155
3014018
3015003
3016
3017
3019
3023
3025
3026
3032285
30323
3032325
3032771
3032799
3033
3033049
3033053
3033151
3033332
3033637
3033860
3033877
3033887
3033968
3033983
3033988
3034010
3034019
3034094
3034762
3035296
3035784
3036
3036686
3036820
3036828
3036929
3036945
3036982
3037
3037032
3037151
3037206
3037209
3037234
3037448
3037582
3037884
3037918
3037981
3038
3038463
3038497
3039
30400
3041678
3042
3042090
3047756
3047796
3047798
3047802
305
3050404
3051378
3052
3052774
3052775
3053
30541
3055
3055651
3058754
3059
3062121
3062316
3067270
3074
30751
3075618
3078
3078104
3080
3080597
3080632
3080633
3080635
3081361
3081362
3081374
3081405
3081884
3082025
3082134
3082158
3083524
3083575
3083711
3083857
3083983
3084131
3084192
3084313
3084324
3084460
3084661
3084902
3085030
3085092
30856
3085828
3086319
3086461
3089
309
3091
3092
30928
30951
3100
3102
31072
3108
311
31101
31143
3117
31202
3121
31231
31236
31239
31264
31268
31289
31307
31312
31331
31338
31348
31378
31401
31404
31415
31475
31477
3151
3152
31553
3156
3157
31593
31640
3168
31703
31721
317405
31772
31799
3182
31862
3191
3198
32024
32169
3219
321983
3221
3226
3229
32326
32343
323895
3241
32414
3242
3245
32464
324796
324971
326
3261
3275
3278
32798
3280
32800
3282
3284
3286789
328778
32893
3290
3291
3292
32938
3295
3299
3300
33032
33037
3305
3306
3307
3308
3309
3316
33190
332
3324
33255
3331
3332
3333
3335
3337
3338
3339
3342
3343
3345
334704
33478
3348
3354
33544
3357
33572
3360
33613
33624
33630
3365
3366
33672
3369
3371
3372
3373
33741
33746
338
3380
3385
3386
338719
3388
33887
3389
33919
3393
3394
3395
3397
3398
3400
34040
34051
3406
34081
341
3410
3415
34312
34328
343425
34359
3440
3446
3447
34536
3463
34632
34633
3467
3468
3469
34698
3474
3475
34756
3476
3478
34781
348482
3485
3487
3488
3489
3494
3510
3515
3516
3518
3519
3520
352948
3532
35330
35370
35455
3547
3559
3561
3562
3563
3571576
35775
3588
358901
358902
359
3598
3599
3607
3609
36119
36122
36207
362637
3627
36272
36273
362908
36294
36314
36324
363262
36339
3637
3639
36431
364416
36462
3647
3652
36564
3657
3658
36708
3671
3672
3673
3676
367617
3677
3678
3681
36811
3686
3689
3690
36921
3696
369636
3698
3702
37104
3715
37193
3724
3730
3731
3735
3736
37367
37368
3738
37392
3740
37401
3741
3743
37464
3747
37497
37542
3759
3760
3763
3767
3769
37720
3775
3776
37767
37768
3778
3781
37834
3784
379
37907
3792
38081
38103
3821
3824
3825
38258
3826
3827
3830
383414
383983
3840
38521
3869
387447
3878
3883
3884
38853
38911
3899
3902
39042
39147
39186
39214
392471
3926
392622
3936
39371
39387
3946
39468
3947
3948
3949
3950
39507
3955
3957
3958
3964
3965
39764
39765
398030
39912
4004
4006
400772
4008
40120
4020
4021
4030
4031
4032
40326
4033
4034
4039
40391
4041
4044
4046
4047
40539
4054
4055
4057
4058
4059
4060
4062
40632
4064
4066
4068533
40703
4075
4076
40839
4086
4095
40973
4099
4100
410087
4101
41022
4107
41109
41114
4114
4116
41169
4117
4121
4133
4158
4162
4164
4165
4167
4168
41684
41693
4170
4171
4173
4174
41744
417553
4177
4178
41781
41860
41867
4189
4192
4197
42008
4205
420552
4211
42113
4212
4235
4236
4237
4249
4257
4260
42607953
42611257
42634947
4276
42851
42890
42963
430245
43032
431195
43232
433531
4347343
43507
43593
43672
4369188
4369233
4369270
4369359
43708
43815
43833355
439177
439186
439202
439207
439212
439213
439239
439241
439242
439260
439262
439302
439306
439322
439503
439531
439533
439551
43962
439693
439709
440229
440473
440591
440735
440833
4409
440917
44093
440936
4410
441005
441071
441074
441082
441130
441140
441142
441184
441199
441207
441233
441242
441243
441244
441278
441281
441289
441290
4413
441300
441306
441307
441310
441314
441334
441335
441336
441344
441345
441348
441350
44135353
441358
441362
441371
441375
441381
441383
441384
441386
441397
441401
441406
441417
441434
441443
441457
441467
44146799
441476
441490
44149306
441678
441679
4417
441767
4418
441803
441826
44185
441850
441852
441887
441893
441975
442021
442070
442072
442089
4421
442125
442159
442166
442187
442190
442195
442205
442233
442246
442278
442279
44229137
442333
442363
442393
442397
442416
442420
442425
442435
442436
442501
442507
442523
442544
442551
442556
44257
44257332
44257817
44258315
44258346
44258414
44258742
44258921
44259949
442634
44263857
44263865
442647
442664
442674
442765
442793
442827
442840
442867
442872
442924
442932
442934
442935
442979
443009
443023
443101
443131
443158
443328
443387
443445
44352603
4436
443689
443716
443753
443866
443877
443878
443879
443880
443881
443884
443889
443891
443928
443933
443935
443936
443940
443943
443944
443947
443951
443955
443958
443967
443970
443971
443979
443980
444
4440
444000
444007
444008
444013
444020
444022
444025
444028
444030
444036
444539
444679
444795
4449
444972
4450
445154
445226
445354
4456
44563
445643
44566790
4458
446156
446157
446284
4463
44630037
446541
446569
446596
446925
447329
4474
4474224
4476
4477
448223
4485
448537
4487
449156
449171
449193
449224
4493
4494
4495
4496
4497
4499
450096
450505
4506
4507
4510
4514
451668
451715
452550
45266505
45272091
45357479
45357485
4538
4539
454
454194
45480555
45480603
455658
456190
456201
456255
456389
457906
4581
458191
4583
4585
4593
45933
4594
4595
460
4601
4602
460539
4612
4614
4615
4616
46173917
46174133
4619
4621
4632
4633
4634
4636
4640
4641
4642
464205
46424
4649
4650
4659569
46695
4674
4678
46780034
46783812
4679
4680
4685
46869959
46891723
469
46936553
46936934
46937024
470261
470375
470999
4723
4726
47319
47320
4735
4737
4740
4747
47471
4748
47528
4753
4756
4760
4762
4763
4764
4766
4767
4768
4770
4771
477468
4781
47812
4783
479503
48041
4810
48175
48194
4820
482159
482164
4826
4828
4829
4830
4831
4837
4839
4842
4843
4846
4848
4849
4854
4855
486612
4870
4887
4890
4891
4893
4904
4906
4908
4909
4911
4912
4914
4915
4917
4921
4922
4923
4927
4934
4935
493570
4938
493965
4942
4943
4946
4949
49659
4970
497209
4977
49771193
49775662
49792013
4980
49800013
49800073
4990
4991
4992
4993
4999
5002
50108
501640
5018304
50225
50248
50258
5029
50295
5035
503737
5042
5050
5054
5055
5069
5070
5073
5090
5092
50942
5095
50963
51
51040
51081
5116708
51263
5146
5147
5148
5152
5160
5161
51634
516808
516811
516875
516892
516900
517044
517045
517055
517273
517321
51763
517743
5184
518740
5193
5198
5201703
5202
5205
5206
520687
5210
521240
5215
5217
52194
522325
522740
5230727
5233
5241825
5245
525
5253
5258
5265
5270647
5273469
5273568
5274587
5274591
5275520
5280343
5280360
5280378
5280385
5280435
5280441
5280442
5280445
5280450
5280453
5280459
5280489
5280491
5280531
5280567
5280598
5280633
5280637
5280647
5280666
5280704
5280723
5280746
5280759
5280793
5280794
5280795
5280802
5280804
5280805
5280863
5280896
5280899
5280933
5280934
5280953
5280954
5280961
5280965
5280980
5281
5281004
5281006
5281033
5281034
5281035
5281040
5281051
5281056
5281067
5281071
5281072
5281073
5281077
5281078
5281080
5281081
5281082
5281098
5281099
5281104
5281107
5281116
5281123
5281125
5281146
5281148
5281149
5281168
5281223
5281238
5281243
5281247
5281255
5281295
5281318
5281319
5281326
5281331
5281377
5281404
5281406
5281408
5281416
5281417
5281419
5281426
5281437
5281460
5281484
5281493
5281515
5281517
5281520
5281541
5281542
5281553
5281607
5281616
5281643
5281647
5281654
5281672
5281673
5281675
5281693
5281697
5281702
5281703
5281708
5281718
5281727
5281737
5281743
5281804
5281807
5281810
5281828
5281847
5281855
5281858
5281862
5281867
5281877
5281881
5281915
5281929
5281953
5282068
5282102
5282108
5282110
5282136
5282138
5282139
5282140
5282149
5282152
5282160
5282164
5282165
5282168
5282169
5282175
5282176
5282180
5282181
5282182
5282188
5282190
5282192
5282197
5282199
5282203
5282209
5282211
5282219
5282226
5282229
5282230
5282235
5282237
5282241
5282317
5282318
5282367
5282375
5282379
5282381
5282392
5282398
5282401
5282403
5282408
5282414
5282415
5282426
5282433
5282440
5282443
5282452
5282455
5282474
5282489
5282492
5282493
5282494
5282517
5282521
5282730
5282855
5283469
5283660
5283734
5283748
5284371
5284373
5284409
5284434
5284441
5284443
5284451
5284499
5284507
5284513
5284514
5284525
5284537
5284543
5284549
5284555
5284570
5284583
5284584
5284587
5284592
5284594
5284595
5284596
5284603
5284604
5284607
5284612
5284627
5284639
5288783
5288826
5290
5291
52940117
52944009
53024
53025
530349
5309446
5310966
5310993
5311
5311027
5311054
5311064
5311066
5311067
5311068
5311077
5311101
5311181
5311217
5311221
5311236
5311356
5311398
5311454
5311507
5312125
5312154
5312852
5314
5314067
5315
5315111
5315143
5315159
5315179
5315256
5315328
5315336
5315431
5315565
5315581
5315582
5315653
5315654
5315669
5315711
5315733
5315779
5315884
5315953
5315973
5315977
5315980
5315985
5315989
5316027
5316031
5316036
5316043
5316094
5316103
5316107
5316208
5316261
5316319
5316391
5316406
5316424
5316475
5316485
5316508
5316642
5316673
5316735
5316736
5316741
5316778
5316905
5316941
5317025
5317093
5317228
5317235
5317297
5317305
5317321
5317349
5317350
5317426
5317439
5317459
5317555
5317557
5317559
5317852
5317970
5317999
5318021
5318028
5318083
5318116
5318211
5318432
5318483
5318534
5318556
5318573
5318575
5318587
5318589
5318597
5318609
5318620
5318621
5318656
5318675
5318717
5318721
5318767
5318846
5318874
5318979
5319
5319022
5319038
5319041
5319120
5319121
5319255
5319285
5319300
5319345
5319380
5319381
5319502
5319998
5320
5320015
5320104
5320128
5320216
5320231
5320292
5320315
5320383
5320389
5320424
5320427
5320485
5320540
5320604
5320608
5320650
5320774
5320844
5320886
5321003
5321088
5321104
5321206
5321223
5321317
5321351
5321393
5321396
5321398
5321439
5321624
5321705
5321894
5321902
5321917
5321918
5321954
5321963
5322
5322148
5323
53232
5323714
5324
5324289
5324346
5325
5326
53266
5327147
53276
5328
5329
5329098
5329102
53297453
5330
5332
5333
5335
53356731
5336
5338
53396298
5342
5343
5344
53477710
53481609
5351141
5351489
5351497
5351601
5352062
5353792
5353843
5355
5355019
5355130
5356
5356392
5356421
5357
5358
5358231
5358751
5359
5359227
5359271
5359272
5359290
5359353
5359390
5359405
5359421
5359929
5359957
5360410
5360515
5360692
5360696
5360733
5360807
5361
5361092
5361463
5361871
5361917
5362
5362065
5362116
5362119
5362124
5362129
5362376
5362440
5362447
5362456
5362457
5362458
5362459
5362460
5362507
5363269
5364671
5364713
5365872
5368397
5370611
53708
5371562
5373773
5375177
5375200
53760210
5376313
5377693
5378963
5379
5380
5380394
5381
5383409
5384417
5384942
5386
5387860
5388708
5391
5394
539544
5401
5403
5405
5408233
5411
541384
54158
5417
541842
5426
5429
5430
54360
544534
54454
5447130
5452
5453
5455
5457
5458952
5459080
5459308
5459329
5459377
5459840
5459842
5460037
5460291
5460341
5460436
54607525
5460769
5460926
54609388
5461005
5461010
5461155
54611634
5462306
5462328
5462347
5462355
5462433
5462438
5462501
5462874
5463724
5463858
5463863
5463872
5463874
5463907
5463977
5464025
5464027
5464092
5464111
5464343
5464386
5464493
5467
54670067
54671008
54676038
54678495
54679224
5468
54680660
54680693
54687
5469
5470187
54704420
54708171
5471349
5472
54724549
5472495
5472646
5474
54746
5475263
54766
5477684
5477826
54786
5479
5479530
5479537
5480
5480431
5480505
5480899
5481173
5482
5483
54840
54841
5484385
5484727
5485225
5486182
5486199
5486607
5486699
5486971
5487
5487426
5487428
5487766
5487888
5488548
54891
54892
54900
5490064
5492624
5493381
5493444
54949
5497103
5497163
5501
5503
5505
5506
5509
5510
5511
5517
55182
55185
5524
55245
55283
5531
5533
5536
55362
553635
554
5546
55466
55483
5556
5560
5563
5564
5565
5566
5568
5572
5573
5574
5576
5577
5578
5584
5585
55891
5591
5593
5597
5606
5610
56206
5632
56329
56338
56339
5634
5639
564
5646
5648
5656
5663
5665
567581
56801
568203
56840785
56840841
56840857
56840887
56841013
56841084
56841090
56841786
56842000
56842155
56842415
56959
56973695
57004
5701985
5702063
5702105
5702209
5702220
5709
57166
5717
5719
5720
5727
573106
5732
57339238
5734
57348161
57348960
57349336
5735
57350541
57351146
57351934
57357319
5736
57363
57376104
57377053
5741
57415665
5742590
5743
5743442
5744
5745
5746
57469
5748
5748168
5748576
5749
5750
5754
5755
5757
5760
5761
57697
5770
5772
5773
5780
5785
5790
5791
5792
5793
5794
5807
5815
5816
5818
5819
5826
583021
5831
5832
5833
5850
5852
5853
5853730
5857
5862
5865
586537
5870
5876
5877
5878
5881
5883
5887
5898
589984
5902
5903
5904
5905
5906
5909
5910
5917
5920
59227
5935
593538
5936
5938
5950
5951
5952
5957
5960
5961
5962
5965
5970
5971
59768
59772
5978
5984
5988
5991
5994
5995
5997
6
6000
600107
6005
6009
6010
601259
6013
6014
60145880
60146018
60148434
60149
60164
6018
6019
60196274
60196341
60196418
6019677
60198
6021
6024
6029
6032
6035
6036
6037
6038
6041
6042
60464
6047
6048
6049
60490
60496
6054
6055
6057
6058
6060
60605
60606
60613
60651
60652
60656
60699
6070
60714
60726
60750
60751
60753
60754
60758
6076
60771
60773
60780
60795
6081
60814
60815
60823
60825
608283
60835
60838
60846
60852
60854
60855
60857
60871
60875
60877
60888
6089
6090
6093269
60934
60936
60946
60947
60953
60960
60961
60969
60977
6098
6098188
609840
6098421
6099
6099959
6100
61007
6101
610479
61100
61118
61119
6112
61120
61121
61122
6114
6115
6116
612
61248
6125
61250
6126
6128
6129
61306
6135
61361
6137
6138
6140
61475
6148
6151
61574
61583
616062
61635
6167
6172
61791
61810
6184440
6185
618655
619166
6194
6196
6199
61996
6202
62065
62074
6215
62156
621853
6224
62258
62278
62279
62281
62296
6230
62300
62307
62309
6231
6234
62341
62348
62358
6237
62370
62373
6238
62380
6240
6241
62427
62453
6249
62495
62504
6251
62513
62516
62528
62529
6253
625595
6256
62566
62649
626608
6267
62709
6271
62710
627343
62779
62787
6279
62795
62819
6284
628520
62857
6287
62878
6288
62881
62884
62886
6291
6292
62920
62923
6293
62935
62937
629413
62945
62969
62978
62979
63009
6301
63013
6303
63030
63031
63040
63046
6305
6306
6307
63121
63123
6314
632119
6321294
6321416
6322
6323490
6324998
6325056
6325163
6325416
6325427
6325611
6325676
6325917
6328391
6328657
6335486
6335986
6336505
6336690
6337614
634915
636362
636369
636372
636374
636376
636380
636392
636398
636401
636403
636405
636408
636411
636426
636458
636537
636822
636973
637090
637511
637520
637542
637563
637775
637776
637858
638011
638012
638014
638024
638072
638215
638278
638678
6398543
6398550
6398558
6398764
6410758
641294
64139
64142
64143
64147
64150
6419942
6420022
6420023
6427061
6430118
6430758
6431303
6432
6432119
6432616
6433
6433082
6433151
6433154
6433169
6433206
6433319
6433334
6433396
6433427
6433515
6433516
6433817
6433895
6434100
643460
6435207
6435415
6435874
6435922
6436
6436055
6436059
6436141
6436173
6436174
6436184
6436240
6436348
6436640
6436806
6436809
643732
6437380
643779
6437861
643820
6438266
6438378
6438693
643915
6439714
643989
6440189
644019
644020
6440205
6440651
6440721
644073
6440892
6440939
6440999
6441017
6441022
644105
6441391
6441428
644160
6442003
6442177
644241
6443553
6443665
6443825
6444291
6445540
6446
6446932
6447131
6449791
6450191
6450333
6450812
6451143
6451164
6451579
6452107
6452133
6452862
6453496
6455117
6464
64648
6466
6468
64685
6469
64704
6471
6472
6473
64737
6473762
6473766
6473767
6473881
6473883
6476
64761
64765
64782
6479523
6481
64927
64936
64947
64971
64982
65015
65016
65028
6503
65041
65057
65064
65067
65084
65085
65157
6518
6519
65238
6526396
65305
65324
65326
65327
65332
65335
6533629
65340
65346
65348
65359
65366
6536774
65370
6537431
6537500
6538321
65404
6540466
6540478
65411
65430
65452
65457
65477
65483
6549
65492
65495
65513
6552009
65571
65575
65632
65646
656511
656516
65655
656575
656583
656604
656609
656612
656629
656630
656631
656637
656638
656642
656655
656656
656667
656677
656685
656697
656719
656727
656804
656811
656829
656833
65714
657180
657181
657275
657298
657348
65752
65755
65772
65781
65859
65864
65866
65870
65894
65906
65937
65948
65957
65958
65959
65981
65985
65999
66007
6603149
6604200
66062
66063
66065
66066
66068
66069
66070
6613
6616
66245
66250
66254
66259
66308
6631
66378
66443
6646
6654
66553117
66575087
6662
666418
6665
66654
6674
667467
667476
667477
667490
667550
66826
6683
66948
67069
6708701
6712281
6714002
6714010
67158
67179
6726
6729
67356
6737485
67406
6741
67412
6758
6760
67678
67686
6769
6770
6781
679
67948
6797604
68051
68059
68066
68079
68081
681
68111
68166
68171
68213
68231
68284
68304
6833
6839
68406
6842
68437
6850739
6850754
6850776
6850789
6850791
6850814
6852393
6852394
68539
68540
68547
6855
68551
68553
68556
6857
6857441
6857447
6857559
6857681
68579
68589
68592
68613
68617
6862
68647
68651
68654
68667
6869
68740
68741
68771
68791
6880
688020
68827
688272
6883
68840
68844
6885
68861
68867
68873
689043
68911
68929
68949
68952
68972
6904
69092
6914273
6915944
6917
6917719
6917780
6917787
6917793
6917864
6917875
6917877
6918010
6918029
6918081
6918106
6918111
6918132
6918155
6918204
6918251
6918296
6918303
6918313
6918391
6918462
6918493
6918537
6918580
6918774
6920223
69568
69588
69594
69671381
6986
6989
6992086
702
7020
7027
7028
7029
7043901
7048810
70580798
7059474
70673384
70673543
70673546
70673555
70673563
70673564
70689343
7077
708857
70969
7099
71109
71123
71137
71141
7115
71171
71172
71178
71180
71184
71188
71197
712
7121
7127
71301
71312281
71313658
71317469
71323
71329
71339
71349
71353
7136
71360
71364
71383
71384
71386
71388
71393
71398
71399
71401
71406
71414
71420
71447
71464
71469
71470
71473
71478
71485
71486
71586812
71587159
71587594
71589843
71596471
71611
71616
71622
71628
71650
71651
7166
71672
71675
7172
71734
71741
7175
71764
71771
71773
71777
71793
71799
71802
71809
71815
7183
71837
7184
71845
71849
71862
7187
7188
71884
7191
71961
71969
71992
72004
72006
72026
72051
7206
72075
72081
72099
7211
72142
72259
72276
72277
72284
72287
72300
72301
72302
72304
72307
72310
72319
7232
72322
72323
72341
72343
72376
72378
72385
72396
72466
72503
72610
72724
72853
72861
72965
73
73065
73072
73078
73111
73145
73170
73191
73285
73296
73299
73303
73341
73384
73391
73393
73399
73400
73410
73419
73432
73442
73467
7347
73481
73492
73549
73568
73611
736186
7362
73641
73659
7389
73957
7427
74370
7438
7456
7460
7461
7462
7463
7469
7471
7478
750
7501
753
7547
7550
7588
75994
7619
7628
7638
7674
7678
768
7697
7699
7707
77082
77254
773
774
7741
7793
77991
77992
77995
77997
77999
7833
785
7888
7909
7953
7972
798
7991
8007
8019
8029
8042
8053
8063
807
8082
8089
8103
8163
8174
8175
8181
82000
82146
8215
82153
8221
8223
8225
8228
8230
8262
8271
8275
8280
8288
8294
8301
83030
8307
83213
8334
8361
8362
8364
8367
8369
8378
83813
83818
83823
83898
83932
8395
8400
84003
84029
84088
8425
84265
84290
84298
8430
8438
84740
8478
84825
849
84974
8517
8522
853433
854
8550
8555
8566
8567
8569
857
8584
85875
8590
8609
8612
8621
8633
8643
86472
8655
86608
86786
8691
8699
873
874123
8742
875
8759
876
87691
878
8793
8809
8815
88245
8842
88708
88836
8892
8907
89216
8931
89383
8954
8955
89594
896
8969
89722
8980
8982
9015
90301
9034
9046
9047
9051
9053
9064
9066
9068
91103
91270
91273
91274
91429
91430
91442
91446
91453
91457
91458
91460
91461
91466
91471
91499
91509
91513
91520
91522
91525
91540
91562
91610
91626
91725
92101
92122
92123
92139
92151
92155
92157
92159
92163
92178
92253
92283
92303
9231
92341
92395
92400
9254
9270
92727
92732
92735
9276
92769
92776
92780
92783
92785
9279
92798
9280
92802
92825
92842
9287
92876
92879
9290
92930
9294
92987
93039
93055
9306
9308
93184
932
9331
9351
9354
936
9373
9377
938
941361
9416
94160
94164
941651
9417
9419
94225
94328
9433
9434
9444
94475
94870
95286
95453
9548591
9548615
9548625
9548641
95501
9551617
9552071
9552079
9560989
9562059
9562061
9567
9568
9568078
9568628
9568684
957
9570076
9570638
9570757
9571075
9571077
9571080
9571107
9574101
9576241
9576416
9577124
9578005
9578507
9579088
9581
95924
96117
96191
9639
9642
9648
9651
9677
9687
9690109
96946
969472
969516
9703
97176
9719
97218
97226
9727
9750
97560
97597
9782
9794495
9800068
9801803
9802673
9806300
9812710
9818306
9821849
9827062
9827599
9829523
9831873
9832912
98363
9837124
9838022
9839867
9841440
9845306
98455
9846332
9849808
9851692
98527
98528
9854073
9854489
98570
9859337
9861780
9862
9865603
9866696
9868491
9870843
9871419
9873
9875401
9878
9881504
9882105
9883259
9883933
9885603
9887054
9892583
9892792
9897237
9898899
9904
9904746
9909202
991
99111
9912
9915886
9915926
9916
9932254
9933004
9935561
99531
9954815
9955977
996
99610
99613
9961878
99620
99650
9980241
9982
99856
