9921116
9921125
9921131
9921157
9921211
9921260
9921294
9921302
9921303
9921313
9921317
9921349
9921352
9921367
9921380
9921462
9921468
992147
9921473
992149
9921498
9921499
9921530
9921539
9921542
9921561
9921577
9921581
9921582
9921583
9921612
9921668
9921681
9921698
9921784
9921785
9921810
9921823
9921835
9921840
9921863
9921865
9921869
9921876
9921906
9921908
9921924
9921964
9921987
9922
9922028
9922041
9922091
9922092
9922100
9922118
9922120
9922130
9922131
9922161
9922187
9922207
9922214
9922221
9922224
9922232
9922271
9922280
9922298
9922371
9922373
9922441
9922486
9922527
9922545
9922548
9922606
9922607
9922629
9922646
9922659
9922681
9922689
9922691
9922714
9922793
9922799
9922829
9922847
9922894
992291
9922936
9922943
9922953
9922999
9923015
9923039
9923086
9923132
9923148
9923162
9923234
9923269
9923286
9923299
9923300
9923301
9923341
9923385
9923492
9923508
9923564
9923594
9923647
9923656
9923679
9923726
9923762
9923781
9923821
9923839
9923895
9923900
9923919
9923941
9923957
9923982
9924032
9924047
9924049
9924078
9924118
9924125
9924137
9924211
9924251
9924271
9924272
9924275
9924288
9924293
9924305
9924357
9924468
9924513
9924539
9924543
9924607
9924627
9924640
9924643
9924662
9924670
9924682
9924709
9924710
9924713
9924758
9924766
9924775
9924779
9924798
9924842
9924885
9924905
9924916
9924923
9924939
9924959
9924962
9924967
9924986
9924989
9924991
9924994
9924995
9925060
9925089
9925182
9925192
9925230
9925244
9925268
9925288
9925298
9925306
9925320
9925334
9925337
992534
9925361
9925372
9925488
9925495
9925502
9925530
9925534
9925574
9925578
9925591
9925594
9925627
9925666
9925682
9925705
9925730
9925737
9925741
9925748
9925752
9925757
9925763
9925774
9925797
9925805
9925806
992585
992586
9925874
992588
992589
992590
9925900
9925908
992591
9925999
9926004
9926048
9926053
9926054
9926057
9926060
9926082
9926083
9926141
9926143
9926151
9926184
9926217
992625
9926254
9926281
9926304
9926309
9926331
9926335
9926352
9926403
9926413
9926432
9926445
9926487
9926544
9926545
9926552
9926554
9926566
9926573
9926581
9926586
9926589
9926604
9926615
9926623
9926659
9926728
9926747
9926760
9926779
9926786
9926791
9926814
9926832
9926833
9926836
9926837
9926842
9926844
9926861
9926877
992688
9926914
9926920
9926926
9926933
9926935
9926999
9927000
9927007
9927009
9927016
9927159
9927170
9927183
9927208
9927219
9927224
9927237
9927250
9927273
9927334
9927342
9927353
9927355
9927364
9927411
9927414
9927427
9927432
992744
9927441
9927453
9927481
9927497
9927509
9927531
9927532
9927558
9927582
9927594
9927613
9927621
9927645
9927654
9927658
9927680
9927707
9927708
9927718
9927719
9927733
9927748
9927756
9927762
9927764
9927771
9927786
9927789
9927792
99278
9927800
9927821
9927833
9927834
9927877
9927904
9927909
9927912
9927928
9927943
9927967
9927970
9927975
9928007
9928016
9928017
9928025
9928047
9928073
9928151
9928154
9928160
9928161
9928224
9928236
9928246
9928284
9928304
9928323
9928325
9928326
9928332
9928335
9928340
9928343
9928357
9928359
9928371
9928381
9928389
9928390
9928397
9928419
9928432
9928438
9928474
9928503
9928538
9928539
9928553
9928616
9928647
9928653
9928668
9928728
9928737
9928743
9928790
9928808
9928851
9928879
9928892
9928915
9928932
9928933
9928934
9928952
9928961
9928974
9928983
9928994
9929020
9929026
9929037
9929077
99291
9929101
9929127
9929135
9929140
9929157
9929189
9929222
9929277
9929288
9929294
9929308
9929326
9929340
9929347
9929348
9929376
9929398
9929405
9929418
9929424
9929425
9929455
9929470
9929521
9929562
9929572
9929581
9929597
9929628
9929629
9929652
9929654
9929665
9929673
9929677
9929678
992968
9929683
9929697
9929785
99298
9929831
9929846
9929872
9929888
9929889
9929926
9929930
9929936
9929958
9929972
9929976
9929984
9929998
9930010
9930031
9930058
9930068
9930121
9930128
9930130
9930153
9930155
9930166
9930168
9930172
9930200
9930207
9930210
9930235
9930243
9930263
9930277
9930308
9930309
9930310
9930390
9930407
9930439
9930471
9930475
9930479
99305
9930503
9930514
9930560
9930573
9930597
9930632
9930650
9930706
9930716
9930722
993074
9930740
9930747
9930778
9930791
9930803
9930807
9930816
9930818
9930851
9930897
9930934
9930939
9930943
9930953
9930979
9930995
99310
9931052
9931070
9931098
9931129
9931138
9931141
9931146
9931153
9931182
9931203
9931205
9931215
9931234
9931239
9931274
9931285
99313
9931301
9931315
9931316
9931327
9931329
9931330
9931377
99314
9931416
9931427
9931437
9931451
9931475
9931505
9931522
9931534
9931543
9931544
9931547
9931571
9931593
9931643
9931657
9931673
9931685
9931686
9931699
9931725
9931726
9931732
9931738
9931765
9931767
9931783
9931785
9931814
9931818
9931834
9931837
9931850
9931873
9931928
9931933
9931946
9931954
9931956
9931977
9931987
9932000
9932004
9932018
9932045
9932051
9932058
9932061
9932066
9932067
9932084
9932128
9932142
9932145
9932151
9932167
9932192
9932234
9932254
9932263
9932270
9932276
9932290
9932329
9932345
9932352
9932374
9932394
9932398
9932423
9932430
9932436
9932463
9932483
9932523
993253
9932532
9932563
993259
9932597
9932616
9932632
9932679
993268
9932697
9932698
9932711
9932718
9932721
9932727
9932731
9932752
9932789
9932790
9932796
9932828
9932834
9932835
9932838
9932840
9932852
9932877
9932896
9932917
9932927
9932958
9932974
9932979
9933009
9933039
9933044
9933077
9933083
9933112
9933119
9933179
9933197
9933202
9933223
9933259
9933342
9933356
9933408
9933456
9933466
9933475
9933484
9933503
9933541
9933545
9933581
9933588
9933616
9933620
9933622
9933645
9933648
9933653
9933675
9933704
993371
9933719
9933720
9933755
9933766
9933776
9933786
9933804
9933831
9933868
9933877
9933894
9933907
9933908
9933918
9933925
9933928
9933936
9933946
9933950
9933975
9933988
9933990
9933993
9934003
9934033
9934039
9934050
9934052
9934053
9934089
9934106
9934108
9934133
9934160
9934161
9934162
9934204
9934232
9934240
9934254
9934294
9934302
9934323
9934347
9934351
9934361
9934368
993437
993438
9934394
9934419
9934437
993444
9934458
9934461
9934465
9934500
9934507
9934571
9934578
9934580
9934590
9934591
9934594
993463
9934642
9934643
9934678
9934684
993469
9934714
9934739
9934778
9934809
9934825
9934858
9934864
9934869
9934870
9934897
9934923
9934935
9934950
9934955
9934960
9934977
9934997
9935001
9935010
9935032
9935062
9935079
9935094
9935096
9935097
9935106
9935155
9935175
9935197
9935206
9935230
9935276
9935277
9935362
9935364
9935387
9935390
9935416
9935423
9935463
9935474
9935481
9935525
9935552
9935588
9935613
9935633
9935680
9935694
9935716
9935746
9935767
9935852
9935853
9935923
9935925
9935943
9935969
9935971
9935973
9935978
9935980
9935996
9936020
9936058
9936066
9936104
9936120
9936145
9936150
9936190
9936194
9936215
9936228
9936230
9936231
9936242
9936247
9936263
9936276
9936334
9936354
9936388
9936405
9936417
9936420
9936422
9936450
9936467
9936469
9936489
9936494
9936566
9936625
9936664
9936667
9936676
9936681
9936691
9936712
9936728
9936767
9936768
9936789
9936843
9936850
9936855
9936861
9936894
9936924
9936926
9936936
9936939
9936941
9936947
9936981
9936983
9937014
9937032
9937119
9937188
9937227
9937259
9937280
9937285
9937291
9937307
9937377
9937406
9937410
9937451
9937461
9937470
9937534
9937535
9937567
9937578
9937590
9937660
9937709
9937758
9937777
9937825
9937936
9938030
9938068
9938088
9938116
9938151
9938153
9938207
9938211
9938222
9938248
9938261
9938280
9938283
9938284
9938296
9938299
99383
9938311
9938317
9938326
9938355
9938390
9938402
9938406
9938431
9938452
9938516
9938533
9938541
9938571
9938577
9938599
9938625
9938626
9938633
9938642
9938653
9938657
9938669
9938715
9938720
9938726
9938743
9938757
9938773
9938794
9938805
9938832
9938917
9938925
9938965
9938995
9939018
9939021
9939024
9939030
9939040
9939089
9939109
9939145
9939191
9939238
9939269
9939287
9939298
9939307
9939328
9939360
9939362
9939403
9939419
9939472
993949
9939495
9939518
9939534
9939571
9939586
9939609
9939613
9939626
9939627
9939667
9939727
9939773
9939791
9939837
9939865
9939929
9940105
9940118
9940173
9940176
9940218
9940231
9940233
9940247
9940262
9940350
9940460
9940596
9940626
994072
9941178
9941306
9941370
9941371
9941379
9941719
9942127
9942176
9942188
9942221
9942280
9942295
9942308
9942336
9942371
9942405
9942425
9942427
994244
9942481
9942490
9942502
9942554
9942558
9942589
9942610
9942613
9942737
9942787
9942834
9942836
9942858
9942868
9942902
9942915
9942942
9942963
9942968
9943008
9943009
994313
9943178
9943191
9943193
9943194
9943215
9943228
9943236
9943264
9943277
9943338
9943346
9943365
9943369
9943403
9943447
9943464
9943465
9943498
9943544
9943599
9943680
9943699
9943711
9943761
9943773
9943895
9943903
9943908
9943969
9943996
9944009
9944019
9944058
9944101
9944144
9944155
9944163
9944173
9944222
9944231
9944256
9944320
9944397
9944440
9944442
9944468
9944477
9944480
9944548
9944549
9944571
9944584
9944605
9944610
9944615
9944706
9944722
9944756
9944763
9944774
9944783
9944799
9944838
9944849
9944851
9944894
9945087
9945147
9945155
9945164
9945168
9945200
9945207
9945214
9945226
9945233
9945282
9945283
9945309
9945318
9945319
9945339
9945364
9945366
994540
9945403
9945466
9945473
9945487
9945500
9945514
9945516
9945530
9945542
9945553
9945595
9945598
9945631
9945660
9945661
9945694
9945703
9945711
9945712
9945714
9945753
9945764
9945784
9945805
9945927
9945957
9946010
9946012
9946036
9946091
9946092
9946131
9946163
9946182
9946185
9946194
9946200
9946203
9946220
9946229
9946241
9946298
9946338
9946358
9946374
9946410
994643
9946437
9946461
9946466
9946469
9946483
9946524
9946573
9946605
9946632
9946703
9946891
9946897
9946911
9946917
9946941
9946954
9946965
9946967
9946979
9946988
9946991
9947009
9947042
9947044
9947052
9947061
9947073
9947111
9947155
9947156
9947165
9947172
9947201
9947211
9947212
9947227
9947230
9947244
9947245
9947270
9947283
9947301
9947305
9947309
9947332
9947370
9947371
9947412
9947433
9947469
9947477
9947478
9947511
9947512
994755
9947569
9947651
9947683
9947690
99477
9947722
9947730
9947731
9947735
9947753
9947777
9947787
9947817
9947841
9947850
9947862
9947878
9947879
9947889
9947925
9947934
9947937
9947954
9948049
9948052
9948080
9948102
9948112
9948117
9948118
9948121
9948127
9948137
9948141
9948168
9948192
9948194
9948206
9948207
9948210
9948215
9948238
994824
9948246
9948250
9948254
9948275
9948282
9948296
9948311
9948320
9948345
9948349
9948371
9948373
9948405
9948410
9948426
9948440
9948445
9948461
9948499
9948506
9948520
9948545
9948546
9948569
9948584
9948588
9948612
9948632
9948645
9948659
9948660
9948666
9948668
9948670
9948700
9948714
9948720
994876
9948785
9948787
9948789
9948797
9948799
9948814
9948833
9948850
9948853
9948854
9948862
9948863
9948865
9948878
9948900
9948929
9948957
9948965
9948975
9949067
9949085
9949093
9949110
9949134
9949152
9949172
9949175
9949177
9949205
9949212
9949227
9949231
9949233
9949253
9949258
9949275
9949286
9949350
9949356
9949368
9949373
9949399
9949406
9949411
9949414
9949417
9949441
9949442
9949448
9949452
9949456
9949484
9949504
9949515
9949531
9949541
9949549
9949551
9949554
9949561
9949568
9949594
9949599
9949601
9949603
9949605
9949615
9949617
9949645
9949648
9949650
9949655
9949670
9949676
9949693
9949717
9949772
9949799
9949821
9949840
9949860
9949886
9949928
9949943
9949954
9949959
9949975
9949984
9949990
9949999
995
9950028
9950038
9950039
9950057
9950075
9950089
9950094
9950097
9950107
9950117
9950128
9950140
9950151
9950165
9950170
9950176
9950240
9950255
9950282
9950332
9950357
9950374
9950381
9950385
9950390
9950396
9950402
9950422
9950440
9950475
9950482
9950486
9950514
9950538
9950564
9950607
9950615
9950619
9950622
9950632
9950645
9950664
9950666
9950669
9950670
9950678
9950776
9950788
9950804
9950848
9950886
9950891
9950906
9950907
9950913
9950957
9950966
9950970
9951001
9951008
9951020
9951041
9951042
9951053
9951054
9951066
9951068
9951075
9951076
9951107
9951194
9951233
9951265
9951300
9951347
9951380
9951393
9951410
9951444
9951445
9951448
9951524
9951530
9951544
9951566
9951571
9951603
9951619
9951620
9951636
9951641
9951647
9951649
9951665
9951673
9951708
9951735
9951750
9951753
9951771
9951790
9951793
9951814
9951822
9951825
9951853
9951882
9951883
9951886
9951932
9951964
9951966
9951970
9951986
9951995
9951997
9952001
9952003
9952008
9952009
9952038
9952045
9952054
9952064
9952075
9952077
9952087
9952091
9952105
9952109
9952114
9952134
9952135
9952136
9952193
9952195
9952218
9952220
995223
9952231
9952232
9952249
9952250
9952272
9952288
9952313
9952329
9952337
9952376
9952384
9952398
9952420
9952426
9952436
9952441
9952465
9952481
9952509
9952534
9952552
9952559
9952569
995260
9952605
9952648
9952667
9952756
9952773
9952784
9952802
9952803
995281
9952815
9952851
9952858
9952879
9952887
9952894
9952928
9952939
9952948
9952958
9952970
9952994
9952997
9953
9953017
9953041
9953051
9953061
9953065
9953071
9953150
9953161
9953181
9953185
9953189
9953190
9953203
9953204
9953205
9953216
9953221
9953227
9953237
9953255
9953268
9953278
9953284
9953314
9953319
9953325
9953333
9953337
9953357
9953358
9953413
9953415
9953426
9953450
9953456
9953505
9953522
9953602
9953631
9953638
9953653
9953676
9953690
9953704
9953712
9953715
9953718
9953722
9953736
9953741
9953766
9953769
9953786
9953799
9953800
9953802
9953817
9953821
9953823
995384
9953856
9953857
9953861
9953887
9953889
9953909
9953922
9953925
9953941
9953945
9953955
9953959
9953974
9953978
9953989
9954003
9954017
9954075
9954083
9954090
9954092
9954095
9954100
9954101
9954108
9954114
9954117
9954194
9954209
9954221
9954280
9954289
9954304
9954358
9954388
9954405
9954406
9954408
9954410
9954417
9954423
9954480
99545
9954503
9954513
9954521
9954534
9954540
9954562
9954604
9954605
9954607
9954612
9954641
9954645
9954663
9954677
9954688
9954715
9954747
9954749
9954757
9954767
9954769
9954785
9954790
9954791
9954812
9954867
9954883
9954899
9954905
9954930
9954942
9954953
9954963
9954980
9955
9955004
9955015
9955052
9955072
9955093
9955110
9955121
9955125
9955127
9955130
9955155
9955164
9955169
9955171
9955181
9955200
9955206
9955286
9955287
9955292
9955302
9955329
9955360
9955378
9955419
9955424
9955461
9955467
9955475
9955490
9955492
9955518
9955522
9955534
9955551
9955561
9955564
9955624
9955640
9955657
9955674
9955682
9955690
9955696
9955707
9955758
9955795
99558
9955802
9955811
9955819
9955824
9955864
9955865
9955904
9955919
9955922
9955928
9955930
9955974
9955997
9955999
9956013
9956047
9956086
9956104
9956119
9956127
9956141
9956145
9956146
99562
9956213
9956238
9956253
9956260
9956291
9956313
9956327
9956363
9956365
9956370
9956380
9956392
9956404
9956414
9956416
9956417
9956429
9956430
9956437
9956465
9956470
9956488
9956505
9956558
9956559
9956562
9956563
9956576
9956594
9956613
9956632
9956634
9956686
9956692
9956699
9956715
9956726
9956737
9956757
9956774
9956808
9956814
9956827
9956830
9956833
9956843
9956883
9956886
9956908
9956918
9956922
9956925
9956928
9956947
9956975
9956989
9956996
9957008
9957031
9957036
9957043
9957049
9957065
9957069
9957105
9957107
9957123
9957131
9957171
9957177
9957190
9957215
9957218
9957225
9957228
9957239
9957245
9957260
9957261
9957274
9957278
9957319
9957339
9957348
9957376
9957380
9957386
9957428
9957437
9957500
9957516
9957535
9957557
9957565
9957603
9957612
9957619
9957653
9957691
9957723
9957733
9957749
9957764
9957766
9957793
9957822
9957860
9957869
9957875
9957883
9957889
9957918
9957994
9957997
9958024
9958085
9958087
9958115
9958125
9958129
9958160
9958168
9958170
9958188
9958217
9958229
9958244
9958249
9958280
9958284
9958299
9958318
9958320
9958342
9958350
9958368
995839
9958398
9958417
9958441
9958470
9958472
9958478
9958483
9958501
9958506
9958539
9958543
9958554
9958604
9958614
9958626
9958633
9958642
9958643
9958649
9958681
9958700
9958705
9958706
9958709
9958728
9958732
9958759
9958896
9958913
9958915
995895
9958963
9958995
9959014
9959071
9959111
9959121
9959174
9959189
9959228
9959259
9959268
9959269
9959298
9959327
9959330
9959346
9959359
9959421
9959427
9959428
9959481
9959504
9959541
9959583
9959604
9959612
9959671
9959673
9959684
9959689
9959690
9959703
9959716
9959718
9959724
9959737
9959749
9959777
9959838
9959839
9959856
9959919
996
99600
9960017
9960070
9960075
99601
9960211
9960253
9960268
9960272
9960281
9960282
9960311
9960341
9960370
9960384
9960389
9960399
9960407
9960439
9960450
9960476
9960493
9960497
9960569
9960584
9960660
9960689
9960697
9960703
9960726
9960732
9960734
9960736
996076
9960766
9960837
9960839
9960852
9960862
9960917
9960929
9960930
9960931
9960964
9961034
9961036
9961058
9961106
9961131
9961192
9961315
9961320
9961347
9961381
9961383
9961463
9961561
9961595
9961613
9961626
9961661
9961700
9961715
9961721
9961766
9961835
9961854
9961858
996186
9961873
99619
9961911
9961936
9961955
99620
9962028
9962055
9962058
9962151
9962162
9962219
9962227
996225
9962253
9962331
9962365
9962368
9962496
99625
9962561
9962628
9962694
9962928
9962976
9963005
9963057
9963195
9963312
996348
9963480
9963581
9964117
9964136
9964148
9964175
9964176
9964177
9964212
9964230
9964256
9964258
9964268
9964280
9964324
9964332
9964493
9964499
9964544
9964601
9964714
9964715
9964754
9964768
9964781
9964788
9964805
9964836
9964850
9964897
99649
9964901
9964915
996494
9964943
9964963
9965035
9965041
9965093
9965111
9965140
9965157
9965169
9965195
99652
996522
9965222
9965224
9965271
9965312
9965345
9965352
9965377
9965385
9965414
9965424
9965429
9965450
9965481
9965485
9965506
9965531
9965532
9965608
9965610
9965621
9965679
9965748
9965755
9965793
9965828
9965885
9965922
9965947
9965955
9965998
9966013
9966028
9966051
9966059
9966077
9966132
9966165
9966169
996618
9966186
9966187
9966189
996619
9966216
996625
9966254
9966255
9966294
9966330
9966331
9966368
9966370
9966381
9966417
9966437
9966438
9966473
9966489
9966516
9966536
9966538
9966560
9966580
9966603
9966679
9966707
9966717
9966726
9966737
9966745
9966768
996677
9966787
9966794
9966830
9966833
9966844
9966866
9966883
9966890
9966918
9966927
9966944
9966959
9966986
9967004
9967013
9967031
9967036
9967049
9967051
9967081
996712
9967123
9967126
9967131
9967140
9967146
9967147
9967156
9967203
9967252
9967283
9967290
9967335
9967345
9967365
9967366
9967430
9967467
9967471
9967476
9967511
9967563
9967590
996760
9967612
9967620
9967652
9967696
9967732
9967784
9967803
9967816
9967834
9967867
9967878
9967928
9967932
9967941
9967964
996799
9967991
9968005
9968028
9968042
9968050
9968075
9968179
9968185
9968207
9968215
9968253
9968267
9968276
9968278
9968334
9968343
9968370
9968398
9968401
9968471
9968489
9968513
9968521
9968540
9968604
9968685
9968732
9968739
9968741
9968745
9968756
9968810
9968828
9968856
9968862
9968907
9968957
9968975
9968986
9969008
9969015
9969020
9969021
9969024
9969081
9969153
9969173
9969177
9969198
9969234
9969262
9969306
9969328
9969336
9969350
9969355
9969402
9969456
9969483
9969486
9969492
9969506
9969592
9969613
9969614
9969726
9969737
9969776
9969807
9969849
9969865
9969880
9969881
9969928
9969937
9969968
9969981
9970036
9970049
9970050
9970068
9970082
9970090
9970131
9970134
9970195
9970201
9970217
9970231
9970269
9970277
9970296
9970311
9970317
9970357
9970420
997043
9970485
9970504
9970510
9970546
9970584
9970588
9970622
9970628
9970648
9970667
9970747
9970773
9970790
9970816
9970832
9970847
9970875
9970963
9970992
9971009
9971058
9971060
9971180
9971194
9971197
9971229
9971242
9971277
9971282
9971294
9971299
9971374
9971422
9971461
9971466
9971488
9971521
9971539
9971541
9971547
9971551
9971557
9971633
9971634
9971635
9971752
9971753
9971792
9971808
9971867
9971880
9971885
99719
9971904
9971925
9971927
99720
9972012
9972037
9972056
9972072
9972080
9972086
9972089
9972102
9972103
9972104
9972123
9972167
9972169
9972176
9972180
9972181
9972202
9972253
9972285
9972291
9972296
9972300
9972358
9972369
9972372
9972378
9972394
9972412
9972438
9972439
9972454
9972472
9972515
9972570
9972577
9972578
9972592
9972620
9972630
9972670
9972693
9972752
9972762
9972766
9972775
9972838
9972871
9972881
9972885
9972887
9972895
9972935
9972945
9972946
9972949
9972952
9972966
9973005
9973018
9973032
9973036
9973046
9973087
9973090
9973113
9973143
9973146
9973163
997317
9973184
9973198
9973258
9973280
9973296
9973301
9973307
9973338
9973351
9973387
9973392
9973407
9973416
9973422
9973432
9973468
9973473
997348
9973504
9973516
9973530
9973567
9973576
9973586
9973597
9973644
9973647
9973664
9973675
9973683
9973684
9973696
9973697
9973732
9973761
9973794
9973841
9973857
9973858
9973880
9973893
9973932
9973968
9974009
9974013
9974016
9974136
9974154
9974217
9974222
9974229
9974230
9974231
9974302
9974306
9974336
9974338
9974341
9974344
9974346
9974356
997438
9974420
9974422
9974457
9974462
9974465
997451
9974516
9974519
997453
9974547
9974556
9974559
9974603
9974614
9974655
9974694
9974701
997475
9974771
9974846
9974856
9974857
9974912
9974915
9974929
9974946
9974953
9974962
9974985
9975006
9975036
9975044
9975046
9975058
9975090
9975100
9975108
9975125
9975154
9975166
9975175
9975183
9975266
9975297
9975300
9975307
9975360
9975362
9975371
9975396
997540
9975403
9975414
9975434
9975442
9975443
9975444
9975456
9975465
9975472
9975488
9975501
9975502
9975506
9975543
9975582
9975609
9975611
9975630
9975634
9975639
9975679
9975693
9975719
9975744
9975762
9975764
9975827
9975828
9975831
9975881
9975915
9975916
9975967
9975973
9975976
9975998
99760
9976005
9976024
9976035
9976080
9976101
9976105
9976112
9976141
9976187
9976188
9976190
9976219
9976250
9976253
9976264
9976266
9976273
9976274
9976312
9976354
9976360
9976370
9976376
9976380
9976396
9976459
9976490
9976497
9976499
9976524
9976564
9976589
9976590
9976625
9976640
9976651
9976653
9976672
9976679
9976680
9976696
9976697
9976735
9976743
9976745
9976750
9976755
9976756
9976757
9976758
9976761
9976807
9976808
9976826
9976843
9976844
9976852
9976855
9976891
9976892
9976901
9976913
9976927
9976949
9976958
9976989
9977010
9977029
9977036
9977081
9977154
9977175
9977185
9977187
9977209
9977214
9977230
9977253
9977260
9977261
9977288
9977299
9977312
9977326
9977348
9977350
9977368
9977375
9977389
9977467
9977478
9977495
9977532
9977540
9977544
9977590
9977599
9977652
9977670
9977674
9977675
9977679
9977686
9977702
9977716
9977742
9977785
9977800
9977814
9977819
9977829
9977875
9977915
9977927
9977937
9977979
9978023
9978044
9978046
9978047
9978062
9978073
9978095
9978117
9978125
9978130
9978162
9978202
9978205
9978226
9978227
9978270
9978272
9978273
9978279
9978312
9978318
9978327
9978344
9978353
9978372
9978433
9978440
9978465
9978473
9978478
9978508
9978512
9978528
9978531
9978533
9978549
9978595
9978597
9978623
9978625
9978638
9978650
9978683
9978693
9978702
9978703
9978707
9978717
9978737
9978762
9978814
9978845
9978888
9978893
9978895
9978920
9978934
9978952
9978981
9978999
9979006
9979012
9979014
9979057
9979063
9979079
9979136
9979149
9979153
9979180
9979181
9979183
9979204
9979207
9979210
9979249
9979252
9979258
9979260
9979266
9979274
9979309
9979312
9979313
9979315
9979332
9979362
9979368
9979382
9979395
9979421
9979489
9979511
9979525
9979531
9979594
9979602
9979611
9979625
9979632
9979634
9979651
9979654
9979671
9979675
9979700
9979704
9979724
9979728
9979729
9979752
9979770
9979791
9979818
9979833
9979842
9979854
9979857
9979865
9979898
9979913
9979925
9979928
9979953
9980009
9980010
9980041
9980059
9980084
9980086
9980090
9980097
998012
9980155
9980166
9980171
9980189
9980256
9980267
9980269
9980287
9980296
9980302
9980304
9980320
9980337
9980350
9980363
9980372
9980407
9980414
9980424
998043
9980466
9980480
9980487
9980526
9980551
9980554
9980556
9980571
9980573
9980586
9980618
9980629
9980678
9980722
9980724
9980734
9980735
9980752
9980760
9980783
9980795
9980809
9980810
9980860
9980879
9980880
9980883
9980905
9980916
9980917
9980918
9980930
9980954
9980959
9980963
9980993
9980998
9981023
9981024
9981035
9981039
9981052
9981071
9981138
9981146
9981159
9981162
9981170
9981197
9981239
9981250
9981262
9981270
9981277
9981319
9981322
9981351
9981360
9981367
998138
9981404
9981416
9981449
9981456
9981483
9981486
9981505
9981549
9981572
9981577
9981591
9981612
9981617
9981658
9981665
9981671
9981699
9981709
9981727
9981738
9981744
9981761
9981762
9981770
9981804
9981894
9981904
9981917
9981945
9981956
9981979
9981993
9981999
9982000
9982004
9982006
9982033
9982036
9982038
9982050
9982070
9982077
9982079
9982103
9982135
9982147
9982165
9982171
9982177
9982191
9982211
9982218
9982235
9982251
998226
9982333
9982348
9982365
9982414
9982428
9982431
9982435
9982458
9982475
9982488
9982506
9982511
9982536
9982584
9982585
9982602
9982613
9982617
9982634
9982638
9982644
9982645
9982662
9982665
9982672
9982678
9982688
9982698
9982759
9982767
9982838
9982858
9982874
9982888
9982903
9982906
9982912
9982930
9982937
9982960
9982983
9983009
9983043
9983052
9983064
9983075
9983085
9983092
9983098
9983109
9983112
9983140
9983143
9983158
9983212
9983224
9983233
9983251
9983255
9983270
9983271
9983303
9983309
9983320
9983360
9983419
9983448
9983460
9983481
9983512
9983514
9983525
9983568
9983570
9983604
9983624
9983639
9983662
9983667
9983671
9983680
9983687
9983704
9983757
9983763
9983792
9983801
9983817
9983826
9983834
9983835
9983854
9983872
9983893
9983904
9983916
9983945
9983948
9983949
9983962
9983994
9984004
9984028
9984068
9984109
998412
9984136
9984142
998415
9984150
9984168
998417
9984180
9984184
9984193
9984206
9984207
9984216
9984250
9984259
9984266
9984267
9984282
9984301
9984308
9984310
9984325
9984343
9984360
9984374
9984390
9984393
9984405
9984452
9984459
9984481
9984485
9984522
9984551
9984568
9984570
9984573
9984586
9984593
9984616
9984638
9984664
9984665
9984681
9984709
9984715
9984718
9984731
9984739
9984755
9984777
9984781
9984805
9984807
9984809
9984811
9984829
9984838
9984865
998491
9984928
9984961
9984984
9985001
9985004
9985013
9985047
9985049
9985099
9985100
9985117
9985128
9985145
9985155
9985156
9985159
998516
9985162
9985181
9985190
9985193
9985199
9985229
9985258
9985321
9985326
9985329
9985365
9985374
9985375
9985391
9985407
9985427
9985434
9985476
9985486
9985523
9985526
9985550
9985552
9985556
998556
9985579
9985589
9985610
9985625
9985629
9985634
9985663
9985667
9985674
9985707
9985715
9985745
9985759
9985778
9985786
9985817
9985840
9985844
9985870
9985881
9985901
9985909
9985928
9985991
9985993
9986000
9986014
9986018
9986044
9986114
9986135
9986150
9986224
9986236
9986244
9986265
9986272
9986282
9986283
9986299
9986320
9986337
9986421
9986442
9986500
9986579
9986603
9986606
9986630
9986643
9986663
9986673
9986689
9986700
9986745
9986780
9986822
9986835
998685
9986861
9986951
9986953
9986982
9986992
9986994
9987016
9987037
9987052
9987080
9987112
9987113
9987122
998718
9987194
9987204
9987251
9987283
9987285
9987299
9987311
9987318
9987332
9987336
9987342
9987406
9987414
9987422
9987474
9987560
9987587
9987603
9987614
9987648
9987740
9987791
9987881
9987972
998799
9988050
9988057
9988096
9988111
9988116
9988147
9988173
9988211
9988264
9988267
9988277
9988352
9988362
9988403
9988432
9988433
9988448
9988478
9988610
9988742
9988753
9988765
9988769
998878
998879
998883
9988860
9989013
9989054
9989078
9989393
9989429
9989449
998946
9989464
9989505
9989531
998957
9989616
9989805
9989825
9989980
999
9990000
9990035
9990042
999008
9990094
9990159
9990345
9990355
9990388
9990402
9990413
9990434
9990447
9990475
9990592
9990618
9990680
9990719
9990728
9990739
9990774
9990808
999091
9990996
9991046
9991061
9991216
9991303
9991334
999141
9991444
9991512
9991554
9991591
9991606
9991661
9991673
9991753
9991838
9991876
9991909
9991939
9991961
9991979
9992098
9992101
9992102
9992116
9992119
9992137
9992189
9992262
9992266
9992270
9992271
9992344
9992352
9992356
9992363
9992381
9992402
9992433
9992450
9992468
9992478
999249
9992499
9992505
9992513
9992525
9992530
9992606
9992630
9992643
9992687
99927
9992723
9992761
9992778
9992817
9992823
9992825
9992835
9992840
9992865
9992903
9992927
9992944
9993017
9993026
9993035
9993058
9993087
9993123
9993207
9993212
9993218
9993220
9993267
9993278
999332
9993398
9993437
9993475
9993507
9993586
9993602
9993609
9993627
9993628
9993659
9993745
9993750
9993789
9993809
9993820
9993865
9993891
9993897
9993922
9993978
9993983
9993998
9994008
9994029
9994066
9994108
9994121
9994131
9994136
9994171
9994243
9994275
9994346
9994347
9994348
9994380
9994390
9994413
9994448
9994485
9994486
9994500
9994528
9994599
9994674
9994677
9994707
9994741
9994754
9994776
9994788
9994794
9994802
9994920
9994922
9994930
999494
9995019
9995041
9995045
9995111
9995163
9995187
9995195
9995204
9995228
9995233
9995234
9995236
9995251
9995264
9995276
9995293
9995323
9995324
9995335
9995342
9995343
9995353
9995367
9995374
9995375
9995378
9995379
9995407
9995423
9995441
9995442
9995467
9995549
9995603
9995607
9995611
9995644
9995708
9995815
9995838
9995876
9995904
9995976
9995986
9996008
9996011
9996017
9996037
9996060
9996069
9996070
9996080
9996081
9996114
999614
9996167
9996169
9996177
9996195
9996198
9996237
9996279
9996282
9996408
9996409
9996459
9996461
9996476
9996490
9996500
9996559
9996581
9996602
9996625
9996675
9996676
9996683
9996757
9996767
9996802
9996817
9996818
9996822
9996838
9996862
9996872
9996876
9996912
9996918
9997015
9997031
9997058
9997078
9997154
9997230
9997232
9997236
9997267
9997295
9997296
9997324
9997334
9997377
9997379
9997394
9997401
9997421
9997422
9997424
9997435
9997450
9997535
9997550
9997556
9997645
9997733
9997735
9997754
999779
99978
9997816
9997843
9997895
9997899
9997900
9997909
9997912
9997949
9997967
9998014
9998020
9998026
9998039
9998048
9998085
9998118
9998128
9998143
9998151
9998184
9998187
9998202
9998207
9998209
9998212
9998229
9998235
9998250
9998267
9998276
9998277
9998312
9998313
9998316
9998322
9998325
9998343
9998434
9998456
9998465
9998483
99985
9998522
9998549
9998550
9998562
9998563
9998564
9998577
9998636
9998661
9998675
9998685
9998721
9998730
9998751
9998753
9998754
9998758
9998765
9998801
9998815
9998817
9998826
9998829
9998837
9998846
9998865
9998870
9998873
9998879
9998882
9998906
9998921
9998923
9998957
9998987
9998996
9998997
9999042
9999043
9999048
9999054
9999058
9999068
9999079
9999103
9999104
9999105
9999115
9999116
9999118
9999126
9999142
9999155
9999177
9999184
9999231
9999236
9999237
9999251
9999254
9999260
9999267
9999276
9999312
9999318
9999342
9999371
9999401
9999428
9999481
9999512
9999585
9999602
9999606
9999613
9999621
9999626
9999629
9999630
9999648
9999652
9999663
9999667
9999670
9999671
9999672
9999681
9999718
9999722
9999752
9999755
9999757
9999811
9999825
9999879
9999890
9999913
9999945
9999951
999998
9999994
